0.023959
0.0158766
0.0109072
0.00777501
0.00569909
0.00456369
0.00364339
0.0031292
0.00276789
0.00252791
0.00238455
0.00232347
0.00222242
0.00217685
0.00215629
0.00213349
0.00211846
0.00211888
0.00210893
0.00211104
0.00210689
0.00210652
0.00210362
0.00210288
0.0021031
0.00210511
0.00210478
0.00210337
0.00210504
0.00210623
0.00210336
0.00210279
0.00210308
0.00210248
0.00210367
0.00210213
0.00210245
0.00210217
0.0021026
0.00210566
0.00210233
0.00210199
0.00210247
0.00210167
0.00210164
0.00210168
0.00210159
